-1.63863320 -0.88863029 0
1.49373081 0.90030571 1
-1.95385481 1.37496966 0
1.57057399 -0.04629492 1
-1.78371278 -1.11919681 0
1.18565360 -0.98097249 1
-1.59290241 0.46279971 0
-2.16791986 0.95116238 0
2.63061792 0.88415411 1
2.11273853 0.55107661 1
-1.83403738 0.42886225 0
1.30875691 -0.86745180 1
-1.88862486 0.00491333 0
-1.65886766 -0.47216114 0
1.73335943 0.31317195 1
1.14597147 -1.22691868 1
-1.61918553 -0.22621495 0
-1.57773961 -0.14677336 0
2.47898231 -0.86060713 1
2.05509310 0.96380587 1
